1 0 1.07809 0.169091 
20 0 1.08494 0.0867284
30 0 1.09816 0.090923
40 0 1.11073 0.0948935
50 0 1.12268 0.0986446
60 0 1.13401 0.102181
70 0 1.14474 0.105508
80 0 1.15973 0.110116
100 0 1.17773 0.11557
120 0 1.20068 0.122353
160 0 1.22671 0.129637
210 0 1.24509 0.134136
260 0 1.25437 0.13541
320 0 1.25294 0.132686
400 0 1.23604 0.12451
500 0 1.20811 0.113212
600 0 1.17585 0.102095
800 0 1.17978 0.211142 
1 0.5 1.02488 0.15726 
20 0.5 1.03264 0.0805606
30 0.5 1.04761 0.0842715
40 0.5 1.06185 0.0877857
50 0.5 1.07537 0.0911074
60 0.5 1.08819 0.0942409
70 0.5 1.10033 0.0971904
80 0.5 1.11728 0.101279
100 0.5 1.13763 0.106126
120 0.5 1.16358 0.112172
160 0.5 1.19301 0.118709
210 0.5 1.2139 0.122831
260 0.5 1.22473 0.124159
320 0.5 1.22405 0.122076
400 0.5 1.2073 0.115381
500 0.5 1.18046 0.106138
600 0.5 1.15666 0.0977428
800 0.5 1.17426 0.203975 
1 1 0.998897 0.148257 
20 1 1.00754 0.0758586
30 1 1.02418 0.0791708
40 1 1.03998 0.0822896
50 1 1.05496 0.0852197
60 1 1.06913 0.0879656
70 1 1.08251 0.0905316
80 1 1.10115 0.0940535
100 1 1.12342 0.0981624
120 1 1.15158 0.103141
160 1 1.18301 0.108185
210 1 1.20453 0.110823
260 1 1.21458 0.110771
320 1 1.2114 0.107379
400 1 1.19049 0.0998744
500 1 1.16021 0.0911011
600 1 1.13986 0.0866695
800 1 1.16981 0.192225 
1 1.5 1.06752 0.160228 
20 1.5 1.06899 0.0806874
30 1.5 1.07181 0.081767
40 1.5 1.07447 0.0827596
50 1.5 1.07697 0.0836679
60 1.5 1.07932 0.0844945
70 1.5 1.08152 0.0852422
80 1.5 1.08456 0.0862216
100 1.5 1.08814 0.0872763
120 1.5 1.09256 0.0883638
160 1.5 1.09732 0.0890263
210 1.5 1.1004 0.0886654
260 1.5 1.10174 0.0873233
320 1.5 1.1015 0.0848701
400 1.5 1.10029 0.0818791
500 1.5 1.10142 0.0809873
600 1.5 1.1175 0.090169
700 1.5 1.1175 0.214458 
