1 0 1.10018 0.214845 
20 0 1.10903 0.111565
30 0 1.12605 0.119492
40 0 1.14216 0.126952
50 0 1.15738 0.133954
60 0 1.17173 0.140509
70 0 1.18523 0.146628
80 0 1.20394 0.155012
100 0 1.22608 0.164762
120 0 1.25365 0.176497
160 0 1.28332 0.188161
210 0 1.30181 0.193809
260 0 1.30742 0.192653
320 0 1.29726 0.182709
400 0 1.26593 0.161425
500 0 1.22329 0.135245
600 0 1.18586 0.113398
800 0 1.20741 0.251662 
1 0.8 1.10148 0.210949 
20 0.8 1.10637 0.107461
30 0.8 1.11574 0.111243
40 0.8 1.12455 0.114773
50 0.8 1.13284 0.11806
60 0.8 1.1406 0.121107
70 0.8 1.14785 0.123923
80 0.8 1.15781 0.127723
100 0.8 1.16943 0.132035
120 0.8 1.18352 0.13698
160 0.8 1.19784 0.141303
210 0.8 1.20543 0.142355
260 0.8 1.20554 0.139833
320 0.8 1.19651 0.13261
400 0.8 1.17651 0.119876
500 0.8 1.15389 0.106213
600 0.8 1.14676 0.0996741
800 0.8 1.1788 0.227075 
1 1.6 1.10423 0.182669 
20 1.6 1.10713 0.0927078
30 1.6 1.11258 0.0952858
40 1.6 1.11757 0.0976444
50 1.6 1.12213 0.0997903
60 1.6 1.12625 0.10173
70 1.6 1.12996 0.10347
80 1.6 1.13475 0.105721
100 1.6 1.13976 0.108085
120 1.6 1.14452 0.110374
160 1.6 1.14601 0.111331
210 1.6 1.14076 0.109562
260 1.6 1.12816 0.105126
320 1.6 1.10449 0.0973904
400 1.6 1.06705 0.0874115
500 1.6 1.02499 0.0817131
600 1.6 0.983754 0.0978254
700 1.6 0.983754 0.269261 
